==== MODEL PERFORMANCE METRICS ====

Accuracy:  0.8887
Precision: 0.9104
Recall:    0.8887
F1 Score:  0.8870

==== CLASSIFICATION REPORT ====
              precision    recall  f1-score   support

           0     0.9547    0.8000    0.8705      1000
           1     1.0000    0.5550    0.7138      1000
           2     0.8867    0.9700    0.9265      1000
           3     0.7069    1.0000    0.8283      1645
           4     0.9939    0.9240    0.9576      1052
           5     0.9514    0.8020    0.8703      1000
           6     0.8585    0.9873    0.9184      1180
           7     0.9983    0.8583    0.9230      1383
           8     1.0000    0.9099    0.9528      1076
           9     0.8495    0.9990    0.9182      1000

    accuracy                         0.8887     11336
   macro avg     0.9200    0.8805    0.8879     11336
weighted avg     0.9104    0.8887    0.8870     11336


==== CONFUSION MATRIX ====
800 0 2 175 5 3 0 0 0 15
30 555 111 202 1 38 3 0 0 60
3 0 970 27 0 0 0 0 0 0
0 0 0 1645 0 0 0 0 0 0
1 0 2 77 972 0 0 0 0 0
0 0 0 195 0 802 0 0 0 3
0 0 4 4 0 0 1165 2 0 5
1 0 5 1 0 0 188 1187 0 1
3 0 0 0 0 0 1 0 979 93
0 0 0 1 0 0 0 0 0 999
